1e-06
iteration,validation ndcg
0,0.303630
1,0.303649
2,0.303643
3,0.303637
4,0.303708
5,0.303809
6,0.303851
7,0.303924
8,0.303950
9,0.303981
10,0.304037
11,0.304053
12,0.304129
13,0.304121
14,0.304241
15,0.304236
16,0.304400
17,0.304341
18,0.304412
19,0.304477
20,0.304521
21,0.304548
22,0.304610
23,0.304412
24,0.304538
25,0.304637
26,0.304735
27,0.304638
28,0.304779
29,0.304899
30,0.305026
31,0.305017
32,0.305136
33,0.305060
34,0.305012
35,0.305033
36,0.305071
37,0.305091
38,0.305194
39,0.305236
40,0.305478
41,0.305533
42,0.305600
43,0.305598
44,0.305623
45,0.305657
46,0.305707
47,0.305705
48,0.305719
49,0.305710
50,0.305708
51,0.305669
52,0.305702
53,0.305704
54,0.305851
55,0.305847
56,0.305796
57,0.305756
58,0.305819
59,0.305880
60,0.305870
61,0.305821
62,0.305943
63,0.305953
64,0.305783
65,0.305875
66,0.305994
67,0.305889
68,0.305922
69,0.305963
70,0.306031
71,0.305904
72,0.305955
73,0.306043
74,0.306007
75,0.305996
76,0.306020
77,0.305927
78,0.306220
79,0.306076
80,0.306233
81,0.306263
82,0.306462
83,0.306553
84,0.306431
85,0.306454
86,0.306505
87,0.306712
88,0.306968
89,0.306953
90,0.306999
91,0.307127
92,0.307130
93,0.307072
94,0.307040
95,0.307144
96,0.307145
97,0.307275
98,0.307315
99,0.307313
100,0.307339
101,0.307357
102,0.307304
103,0.307346
104,0.307318
105,0.307367
106,0.307477
107,0.307525
108,0.307459
109,0.307509
110,0.307505
111,0.307528
112,0.307497
113,0.307541
114,0.307658
115,0.307694
116,0.307810
117,0.307823
118,0.307734
119,0.307804
120,0.307947
121,0.307898
122,0.307862
123,0.307894
124,0.307997
125,0.307989
126,0.307918
127,0.308040
128,0.308051
129,0.308111
130,0.307949
131,0.308045
132,0.308006
133,0.307982
134,0.308040
135,0.308083
136,0.308198
137,0.308238
138,0.308248
139,0.308253
140,0.308438
141,0.308461
142,0.308467
143,0.308654
144,0.308733
145,0.308770
146,0.308834
147,0.308824
148,0.308885
149,0.308869
150,0.308842
151,0.308872
152,0.308813
153,0.308916
154,0.309045
155,0.308982
156,0.309010
157,0.309047
158,0.309044
159,0.309100
160,0.309150
161,0.309158
162,0.309126
163,0.309127
164,0.309100
165,0.309197
166,0.309296
167,0.309275
168,0.309256
169,0.309318
170,0.309303
171,0.309355
172,0.309341
173,0.309459
174,0.309744
175,0.309664
176,0.309660
177,0.309620
178,0.309639
179,0.309705
180,0.309811
181,0.309753
182,0.309894
183,0.309960
184,0.309822
185,0.309778
186,0.309965
187,0.309889
188,0.309918
189,0.310046
190,0.310087
191,0.309965
192,0.309990
193,0.309961
194,0.310136
195,0.310279
196,0.310183
197,0.310183
198,0.310369
199,0.310335
200,0.310263
201,0.310307
202,0.310306
203,0.310315
204,0.310327
205,0.310362
206,0.310483
207,0.310416
208,0.310555
209,0.310381
210,0.310326
211,0.310494
212,0.310710
213,0.310606
214,0.310721
215,0.310689
216,0.310689
217,0.310678
218,0.310728
219,0.310722
220,0.310650
221,0.310767
222,0.310823
223,0.310771
224,0.310731
225,0.310779
226,0.310874
227,0.310890
228,0.310945
229,0.311002
230,0.311018
231,0.311003
232,0.311078
233,0.311076
234,0.311066
235,0.311053
236,0.311100
237,0.311186
238,0.311290
239,0.311278
240,0.311299
241,0.311335
242,0.311305
243,0.311456
244,0.311438
245,0.311441
246,0.311505
247,0.311393
248,0.311313
249,0.311348
250,0.311315
251,0.311367
252,0.311354
253,0.311424
254,0.311499
255,0.311704
256,0.311671
257,0.311691
258,0.311698
259,0.311730
260,0.311931
261,0.311931
262,0.311931
263,0.311856
264,0.311870
265,0.311992
266,0.311918
267,0.311987
268,0.312015
269,0.311956
270,0.311824
271,0.311972
272,0.312144
273,0.312083
274,0.312069
275,0.312023
276,0.311981
277,0.311968
278,0.312012
279,0.312001
280,0.312086
281,0.312115
282,0.312130
283,0.312114
284,0.312152
285,0.312218
286,0.312261
287,0.312379
288,0.312441
289,0.312467
290,0.312465
291,0.312445
292,0.312628
293,0.312582
294,0.312601
295,0.312548
296,0.312628
297,0.312649
298,0.312598
299,0.312695
300,0.312766
301,0.312795
302,0.313030
303,0.313084
304,0.313026
305,0.313067
306,0.313041
307,0.313064
308,0.312975
309,0.313035
310,0.313226
311,0.313301
312,0.313431
313,0.313441
314,0.313540
315,0.313549
316,0.313561
317,0.313603
318,0.313572
319,0.313586
320,0.313374
321,0.313276
322,0.313229
323,0.313315
324,0.313251
325,0.313299
326,0.313392
327,0.313440
328,0.313568
329,0.313490
330,0.313427
331,0.313384
332,0.313552
333,0.313579
334,0.313557
335,0.313521
336,0.313315
337,0.313457
338,0.313395
339,0.313481
340,0.313413
341,0.313551
342,0.313264
343,0.313370
344,0.313412
345,0.313344
346,0.313509
347,0.313583
348,0.313597
349,0.313580
350,0.313785
351,0.313581
352,0.313596
353,0.313764
354,0.313577
355,0.313652
356,0.313730
357,0.313747
358,0.313635
359,0.313612
360,0.313681
361,0.313716
362,0.313747
363,0.313720
364,0.313698
365,0.313852
366,0.313816
367,0.313790
368,0.313811
369,0.313700
370,0.313704
371,0.313716
372,0.313688
373,0.313779
374,0.314000
375,0.313901
376,0.313938
377,0.313932
378,0.314002
379,0.314092
380,0.314014
381,0.314040
382,0.314052
383,0.313896
384,0.313993
385,0.314163
386,0.314032
387,0.314219
388,0.314267
389,0.314138
390,0.314200
391,0.314221
392,0.314193
393,0.314243
394,0.314268
395,0.314441
396,0.314255
397,0.314478
398,0.314594
399,0.314654
400,0.314654
401,0.314638
402,0.314661
403,0.314661
404,0.314728
405,0.314715
406,0.314787
407,0.314769
408,0.314785
409,0.314594
410,0.314654
411,0.314607
412,0.314695
413,0.314631
414,0.314595
415,0.314609
416,0.314645
417,0.314654
418,0.314649
419,0.314679
420,0.314658
421,0.314451
422,0.314439
423,0.314479
424,0.314466
425,0.314467
426,0.314197
427,0.314398
428,0.314434
429,0.314453
430,0.314423
431,0.314542
432,0.314548
433,0.314710
434,0.314673
435,0.314650
436,0.314667
437,0.314676
438,0.314662
439,0.314625
440,0.314646
441,0.314638
442,0.314656
443,0.314672
444,0.314735
445,0.314725
446,0.314925
447,0.314840
448,0.314933
449,0.314953
450,0.314959
451,0.314983
452,0.314860
453,0.314884
454,0.314912
455,0.315054
456,0.315094
457,0.315142
458,0.315170
459,0.315322
460,0.315233
461,0.315239
462,0.315319
463,0.315338
464,0.315321
465,0.315359
466,0.315434
467,0.315425
468,0.315433
469,0.315406
470,0.315433
471,0.315453
472,0.315448
473,0.315435
474,0.315395
475,0.315466
476,0.315522
477,0.315497
478,0.315559
479,0.315635
480,0.315681
481,0.315727
482,0.315827
483,0.315764
484,0.315795
485,0.315836
486,0.315848
487,0.315996
488,0.315972
489,0.315972
490,0.316079
491,0.316143
492,0.316087
493,0.316232
494,0.316183
495,0.316152
496,0.316095
497,0.316122
498,0.316202
499,0.316136
