0.01
iteration,validation ndcg
0,0.316078
1,0.286897
2,0.307005
3,0.316658
4,0.324512
5,0.329232
6,0.329708
7,0.327240
8,0.296233
9,0.130506
10,0.207893
11,0.314826
12,0.312769
13,0.321786
14,0.330230
15,0.164765
16,0.186303
17,0.313434
18,0.282509
19,0.305160
20,0.285775
21,0.300024
22,0.288584
23,0.196029
24,0.265957
25,0.225154
26,0.176780
27,0.315401
28,0.323331
29,0.321130
30,0.282066
31,0.141468
32,0.253318
33,0.311032
34,0.325481
35,0.203695
36,0.286495
37,0.180054
38,0.286817
39,0.273676
40,0.326390
41,0.273467
42,0.315605
43,0.330799
44,0.322583
45,0.334801
46,0.325620
47,0.299769
48,0.311273
49,0.235178
50,0.290298
51,0.309922
52,0.290708
53,0.316207
54,0.334309
55,0.320206
56,0.309777
57,0.290794
58,0.323883
59,0.314792
60,0.296190
61,0.307395
62,0.212497
63,0.298763
64,0.307676
65,0.283728
66,0.291230
67,0.218598
68,0.218327
69,0.172703
70,0.210975
71,0.211075
72,0.313997
73,0.315489
74,0.321943
75,0.291346
76,0.309245
77,0.307792
78,0.319100
79,0.180881
80,0.239838
81,0.308671
82,0.319494
83,0.317043
84,0.288890
85,0.324556
86,0.328606
87,0.309229
88,0.324554
89,0.319507
90,0.324268
91,0.321914
92,0.313046
93,0.281204
94,0.259991
95,0.322972
96,0.304260
97,0.321997
98,0.322201
99,0.324918
100,0.287060
101,0.295639
102,0.305302
103,0.316892
104,0.248233
105,0.313226
106,0.323289
107,0.201243
108,0.316309
109,0.318907
110,0.317468
111,0.233735
112,0.323604
113,0.321964
114,0.293797
115,0.298029
116,0.281135
117,0.282788
118,0.287332
119,0.305551
120,0.307008
121,0.321512
122,0.268780
123,0.286459
124,0.250029
125,0.160386
126,0.161347
127,0.163710
128,0.202174
129,0.290114
130,0.298871
131,0.247932
132,0.301187
133,0.307192
134,0.266577
135,0.279434
136,0.268752
137,0.293260
138,0.308957
139,0.293219
140,0.290859
141,0.175187
142,0.288119
143,0.244405
144,0.315278
145,0.317061
146,0.217615
147,0.276045
148,0.279768
149,0.321492
150,0.282721
151,0.316072
152,0.325920
153,0.293179
154,0.315863
155,0.317109
156,0.324550
157,0.304249
158,0.247073
159,0.278126
160,0.312649
161,0.334609
162,0.159740
163,0.191495
164,0.283678
165,0.316136
166,0.272300
167,0.324805
168,0.305118
169,0.326102
170,0.186150
171,0.272798
172,0.316260
173,0.315158
174,0.290142
175,0.312877
176,0.318642
177,0.324815
178,0.270777
179,0.319629
180,0.321975
181,0.177789
182,0.253773
183,0.263810
184,0.298503
185,0.299547
186,0.309401
187,0.269020
188,0.318555
189,0.318096
190,0.243109
191,0.267456
192,0.300520
193,0.324933
194,0.248592
195,0.324656
196,0.193199
197,0.210155
198,0.318053
199,0.338446
200,0.271922
201,0.324207
202,0.311662
203,0.215235
204,0.287082
205,0.313487
206,0.306797
207,0.333534
208,0.283854
209,0.174908
210,0.245335
211,0.255185
212,0.299184
213,0.210127
214,0.215578
215,0.297130
216,0.323842
217,0.317365
218,0.330348
219,0.323182
220,0.308361
221,0.319741
222,0.200691
223,0.279161
224,0.286707
225,0.230566
226,0.276780
227,0.320285
228,0.190220
229,0.302663
230,0.313022
231,0.326055
232,0.323674
233,0.299921
234,0.315636
235,0.293624
236,0.307507
237,0.271135
238,0.294881
239,0.295821
240,0.273991
241,0.259468
242,0.329947
243,0.247980
244,0.295191
245,0.304469
246,0.211125
247,0.224690
248,0.265479
249,0.325291
250,0.318134
251,0.301372
252,0.312567
253,0.331427
254,0.267777
255,0.300577
256,0.308811
257,0.313828
258,0.286843
259,0.241077
260,0.312107
261,0.322438
262,0.324678
263,0.315803
264,0.317063
265,0.314285
266,0.321512
267,0.339835
268,0.325511
269,0.324012
270,0.161440
271,0.295571
272,0.188201
273,0.258258
274,0.256163
275,0.281276
276,0.152624
277,0.278702
278,0.164992
279,0.319582
280,0.229913
281,0.258041
282,0.278130
283,0.318857
284,0.308803
285,0.282191
286,0.324575
287,0.302691
288,0.322231
289,0.305547
290,0.297209
291,0.316873
292,0.320155
293,0.336350
294,0.271586
295,0.303827
296,0.206182
297,0.209632
298,0.216017
299,0.239362
300,0.310735
301,0.248643
302,0.250545
303,0.249093
304,0.157108
305,0.162473
306,0.231807
307,0.315503
308,0.314245
309,0.304980
310,0.315924
311,0.331900
312,0.318567
313,0.294989
314,0.295902
315,0.292491
316,0.296635
317,0.291826
318,0.320932
319,0.304353
320,0.235780
321,0.184435
322,0.223913
323,0.173004
324,0.188232
325,0.192521
326,0.207609
327,0.279351
328,0.325724
329,0.318024
330,0.313768
331,0.321457
332,0.307895
333,0.304599
334,0.133103
335,0.143824
336,0.306966
337,0.326648
338,0.315564
339,0.318893
340,0.300531
341,0.304954
342,0.160013
343,0.165050
344,0.188862
345,0.279145
346,0.293338
347,0.240629
348,0.299594
349,0.283060
350,0.321669
351,0.315515
352,0.308485
353,0.311280
354,0.313592
355,0.323187
356,0.326523
357,0.295280
358,0.290938
359,0.294471
360,0.295748
361,0.313137
362,0.166783
363,0.256536
364,0.319804
365,0.330830
366,0.320450
367,0.331762
368,0.342690
369,0.311580
370,0.320997
371,0.338918
372,0.307589
373,0.318595
374,0.337182
375,0.247626
376,0.208677
377,0.224451
378,0.273660
379,0.297734
380,0.308324
381,0.217314
382,0.182786
383,0.178159
384,0.149822
385,0.150844
386,0.150844
387,0.150299
388,0.150299
389,0.155315
390,0.155315
391,0.155439
392,0.155439
393,0.155439
394,0.155439
395,0.155439
396,0.155439
397,0.155439
398,0.155439
399,0.155728
400,0.155728
401,0.155728
402,0.155728
403,0.155728
404,0.155728
405,0.155728
406,0.155728
407,0.155728
408,0.155728
409,0.155728
410,0.155728
411,0.155728
412,0.155728
413,0.155728
414,0.155728
415,0.155728
416,0.155728
417,0.155728
418,0.155728
419,0.155728
420,0.155728
421,0.155728
422,0.155730
423,0.155730
424,0.155730
425,0.155730
426,0.155730
427,0.155730
428,0.155730
429,0.155730
430,0.155730
431,0.155730
432,0.155730
433,0.155730
434,0.155730
435,0.155730
436,0.155730
437,0.155730
438,0.155730
439,0.155730
440,0.155730
441,0.155730
442,0.155730
443,0.155730
444,0.155730
445,0.155730
446,0.155730
447,0.155730
448,0.155730
449,0.155730
450,0.155730
451,0.155730
452,0.155730
453,0.155730
454,0.155730
455,0.155730
456,0.155730
457,0.155730
458,0.155730
459,0.155730
460,0.155730
461,0.155730
462,0.155730
463,0.155730
464,0.155730
465,0.155730
466,0.155730
467,0.155730
468,0.155730
469,0.155730
470,0.155730
471,0.155730
472,0.155730
473,0.155730
474,0.155730
475,0.155730
476,0.155730
477,0.155730
478,0.155730
479,0.155730
480,0.155730
481,0.155730
482,0.155730
483,0.155730
484,0.155730
485,0.155730
486,0.155730
487,0.155730
488,0.155730
489,0.155730
490,0.155730
491,0.155730
492,0.155730
493,0.155730
494,0.155730
495,0.155730
496,0.155730
497,0.155730
498,0.155730
499,0.155730
