0.001
iteration,validation ndcg
0,0.314689
1,0.318141
2,0.325852
3,0.326450
4,0.326571
5,0.329022
6,0.327578
7,0.328266
8,0.330432
9,0.326496
10,0.327279
11,0.323971
12,0.323164
13,0.325617
14,0.327075
15,0.329678
16,0.324144
17,0.324219
18,0.319631
19,0.318168
20,0.314816
21,0.313397
22,0.311833
23,0.289766
24,0.288796
25,0.283355
26,0.274603
27,0.294619
28,0.309140
29,0.313402
30,0.311267
31,0.302020
32,0.310376
33,0.319234
34,0.321406
35,0.311124
36,0.310628
37,0.292950
38,0.310187
39,0.306724
40,0.316132
41,0.308542
42,0.326763
43,0.328936
44,0.326277
45,0.331034
46,0.330124
47,0.325270
48,0.329978
49,0.316220
50,0.314828
51,0.316227
52,0.312413
53,0.318792
54,0.325829
55,0.324965
56,0.328889
57,0.324477
58,0.328432
59,0.331805
60,0.329552
61,0.325177
62,0.310738
63,0.309572
64,0.316450
65,0.308775
66,0.304790
67,0.291832
68,0.297011
69,0.310932
70,0.309332
71,0.302482
72,0.309713
73,0.314693
74,0.320041
75,0.323565
76,0.325424
77,0.316802
78,0.322900
79,0.312383
80,0.317828
81,0.323391
82,0.324848
83,0.322141
84,0.318271
85,0.326573
86,0.326077
87,0.325027
88,0.326403
89,0.325317
90,0.326733
91,0.325010
92,0.325322
93,0.327673
94,0.322955
95,0.324903
96,0.325206
97,0.327261
98,0.327200
99,0.328100
100,0.326780
101,0.325000
102,0.321416
103,0.324730
104,0.320037
105,0.322654
106,0.325162
107,0.317409
108,0.320637
109,0.321215
110,0.320892
111,0.313072
112,0.322688
113,0.323712
114,0.323465
115,0.322504
116,0.316746
117,0.320010
118,0.317427
119,0.319975
120,0.318353
121,0.322632
122,0.316309
123,0.312262
124,0.304420
125,0.315064
126,0.324223
127,0.323467
128,0.322905
129,0.322158
130,0.318561
131,0.320144
132,0.320690
133,0.325578
134,0.323621
135,0.320906
136,0.318134
137,0.320706
138,0.321762
139,0.317680
140,0.315076
141,0.313147
142,0.307887
143,0.298323
144,0.309278
145,0.316047
146,0.310601
147,0.313120
148,0.311641
149,0.316932
150,0.310110
151,0.316725
152,0.324394
153,0.325261
154,0.321938
155,0.320521
156,0.322010
157,0.328019
158,0.327879
159,0.325842
160,0.324987
161,0.327026
162,0.324214
163,0.330652
164,0.329194
165,0.326719
166,0.323525
167,0.326523
168,0.328307
169,0.327372
170,0.325590
171,0.323024
172,0.323430
173,0.322059
174,0.316658
175,0.316941
176,0.319426
177,0.319798
178,0.325358
179,0.325671
180,0.323049
181,0.317753
182,0.319263
183,0.310236
184,0.310363
185,0.314912
186,0.314363
187,0.309952
188,0.321642
189,0.320034
190,0.317706
191,0.319744
192,0.324055
193,0.323915
194,0.315781
195,0.323451
196,0.316541
197,0.309227
198,0.314428
199,0.322975
200,0.314734
201,0.319174
202,0.322051
203,0.315667
204,0.314568
205,0.320558
206,0.317533
207,0.323604
208,0.320388
209,0.306809
210,0.317008
211,0.309281
212,0.308989
213,0.305460
214,0.298559
215,0.300133
216,0.313547
217,0.313162
218,0.319726
219,0.320189
220,0.317886
221,0.320186
222,0.307193
223,0.296174
224,0.295429
225,0.287465
226,0.287887
227,0.311234
228,0.294470
229,0.307077
230,0.309618
231,0.314448
232,0.316097
233,0.317285
234,0.317204
235,0.311495
236,0.312577
237,0.308761
238,0.306175
239,0.304445
240,0.298597
241,0.292755
242,0.304632
243,0.274101
244,0.280259
245,0.278199
246,0.266147
247,0.261129
248,0.262483
249,0.276495
250,0.294946
251,0.297911
252,0.307896
253,0.318480
254,0.316012
255,0.310204
256,0.313901
257,0.312718
258,0.309640
259,0.301075
260,0.307207
261,0.314843
262,0.321640
263,0.325100
264,0.323885
265,0.319039
266,0.321781
267,0.326597
268,0.323798
269,0.327128
270,0.325364
271,0.319647
272,0.307268
273,0.309079
274,0.310070
275,0.320299
276,0.319419
277,0.320556
278,0.311013
279,0.316626
280,0.311080
281,0.317147
282,0.318554
283,0.320209
284,0.317162
285,0.314576
286,0.319273
287,0.313549
288,0.317673
289,0.318176
290,0.314438
291,0.316279
292,0.319137
293,0.322966
294,0.321968
295,0.321358
296,0.313733
297,0.309471
298,0.315677
299,0.313319
300,0.317739
301,0.312886
302,0.319477
303,0.320119
304,0.321783
305,0.319842
306,0.323332
307,0.326547
308,0.322267
309,0.323521
310,0.323024
311,0.327121
312,0.325371
313,0.326560
314,0.321207
315,0.322352
316,0.321491
317,0.316289
318,0.322771
319,0.319817
320,0.319585
321,0.318469
322,0.320014
323,0.305234
324,0.303435
325,0.317261
326,0.324832
327,0.327906
328,0.331142
329,0.328209
330,0.326583
331,0.325887
332,0.325219
333,0.332776
334,0.330800
335,0.324013
336,0.327209
337,0.328206
338,0.325055
339,0.325363
340,0.326349
341,0.320259
342,0.312697
343,0.319694
344,0.320021
345,0.322126
346,0.325821
347,0.318490
348,0.320376
349,0.316243
350,0.321271
351,0.320248
352,0.321661
353,0.321175
354,0.322353
355,0.326606
356,0.325327
357,0.325987
358,0.321057
359,0.319065
360,0.318160
361,0.317979
362,0.311788
363,0.319372
364,0.318670
365,0.322707
366,0.321006
367,0.324953
368,0.330625
369,0.328209
370,0.330902
371,0.331749
372,0.331389
373,0.328795
374,0.333889
375,0.328912
376,0.326965
377,0.327742
378,0.314425
379,0.312394
380,0.316595
381,0.297407
382,0.309881
383,0.310464
384,0.310247
385,0.311643
386,0.317344
387,0.316516
388,0.313690
389,0.322005
390,0.322559
391,0.324757
392,0.325267
393,0.326460
394,0.323742
395,0.324817
396,0.323274
397,0.330893
398,0.328811
399,0.327387
400,0.324898
401,0.324693
402,0.324724
403,0.324618
404,0.326327
405,0.323733
406,0.319071
407,0.311187
408,0.315697
409,0.314698
410,0.318737
411,0.324801
412,0.313319
413,0.315032
414,0.315494
415,0.286570
416,0.293879
417,0.299765
418,0.299545
419,0.303811
420,0.316712
421,0.310931
422,0.312069
423,0.307569
424,0.316305
425,0.314862
426,0.313304
427,0.317641
428,0.319626
429,0.321695
430,0.313661
431,0.298544
432,0.305877
433,0.323224
434,0.323237
435,0.315190
436,0.317635
437,0.316017
438,0.323495
439,0.325334
440,0.329103
441,0.325977
442,0.321994
443,0.321508
444,0.320505
445,0.312203
446,0.320769
447,0.315157
448,0.320044
449,0.323647
450,0.323395
451,0.319123
452,0.295849
453,0.299722
454,0.307818
455,0.299645
456,0.304432
457,0.297635
458,0.303943
459,0.312513
460,0.313500
461,0.312171
462,0.316141
463,0.317191
464,0.310309
465,0.310921
466,0.306362
467,0.317645
468,0.319958
469,0.319175
470,0.317213
471,0.312410
472,0.314862
473,0.315241
474,0.316409
475,0.315257
476,0.313858
477,0.315787
478,0.318865
479,0.321185
480,0.305871
481,0.314851
482,0.321110
483,0.318897
484,0.319895
485,0.318877
486,0.319638
487,0.321650
488,0.325621
489,0.325604
490,0.321951
491,0.320711
492,0.319751
493,0.311703
494,0.312167
495,0.313696
496,0.314805
497,0.316707
498,0.317413
499,0.319463
