0.0001
iteration,validation ndcg
0,0.307018
1,0.308071
2,0.309717
3,0.313530
4,0.313992
5,0.316039
6,0.316795
7,0.317571
8,0.319613
9,0.320708
10,0.320162
11,0.320448
12,0.319966
13,0.320709
14,0.321190
15,0.322525
16,0.323915
17,0.322913
18,0.323730
19,0.323670
20,0.324826
21,0.325796
22,0.323916
23,0.323859
24,0.322478
25,0.323495
26,0.323319
27,0.322845
28,0.322597
29,0.323377
30,0.324187
31,0.324747
32,0.325098
33,0.324984
34,0.325021
35,0.324646
36,0.324746
37,0.323991
38,0.324070
39,0.324370
40,0.324368
41,0.323568
42,0.325662
43,0.326492
44,0.325705
45,0.327042
46,0.327170
47,0.326686
48,0.327462
49,0.327572
50,0.327509
51,0.326729
52,0.326051
53,0.327604
54,0.327859
55,0.327650
56,0.328026
57,0.328227
58,0.328548
59,0.329384
60,0.328469
61,0.327602
62,0.326615
63,0.326016
64,0.326190
65,0.325948
66,0.325386
67,0.324156
68,0.324794
69,0.324396
70,0.323369
71,0.323012
72,0.323446
73,0.322926
74,0.323910
75,0.323913
76,0.324805
77,0.323479
78,0.324270
79,0.322403
80,0.323201
81,0.323934
82,0.324842
83,0.324989
84,0.325743
85,0.325846
86,0.325944
87,0.326661
88,0.326667
89,0.326304
90,0.326447
91,0.326033
92,0.326208
93,0.326347
94,0.326147
95,0.325755
96,0.326095
97,0.326106
98,0.326396
99,0.326536
100,0.326260
101,0.326444
102,0.326241
103,0.325919
104,0.325844
105,0.326291
106,0.326598
107,0.326240
108,0.326497
109,0.326373
110,0.325929
111,0.325111
112,0.325853
113,0.325773
114,0.325473
115,0.325512
116,0.326534
117,0.326135
118,0.325172
119,0.325831
120,0.326030
121,0.325670
122,0.325505
123,0.325449
124,0.325678
125,0.326285
126,0.326563
127,0.326149
128,0.325713
129,0.325007
130,0.324781
131,0.324882
132,0.324500
133,0.325354
134,0.325334
135,0.325120
136,0.324856
137,0.325499
138,0.324802
139,0.323961
140,0.324049
141,0.324360
142,0.323599
143,0.323306
144,0.322899
145,0.323064
146,0.323064
147,0.323270
148,0.322981
149,0.322908
150,0.322111
151,0.322619
152,0.323918
153,0.323661
154,0.323631
155,0.323810
156,0.324063
157,0.324333
158,0.324716
159,0.324167
160,0.324160
161,0.324388
162,0.324228
163,0.325089
164,0.324760
165,0.324760
166,0.325012
167,0.325045
168,0.325390
169,0.324912
170,0.325432
171,0.324797
172,0.325029
173,0.324717
174,0.324024
175,0.324376
176,0.323947
177,0.324322
178,0.324535
179,0.324507
180,0.324287
181,0.324286
182,0.324240
183,0.323240
184,0.322536
185,0.323402
186,0.323263
187,0.322866
188,0.323763
189,0.323374
190,0.323518
191,0.323242
192,0.323532
193,0.323475
194,0.323158
195,0.323620
196,0.323287
197,0.323101
198,0.323109
199,0.323746
200,0.323296
201,0.323519
202,0.323805
203,0.323751
204,0.323489
205,0.323481
206,0.323227
207,0.324707
208,0.323813
209,0.322718
210,0.324179
211,0.323214
212,0.322661
213,0.322619
214,0.322492
215,0.322288
216,0.322374
217,0.322484
218,0.322340
219,0.322508
220,0.322153
221,0.322311
222,0.322234
223,0.321767
224,0.321549
225,0.320836
226,0.320665
227,0.321569
228,0.320591
229,0.320724
230,0.320553
231,0.320756
232,0.321404
233,0.321723
234,0.321569
235,0.320783
236,0.320423
237,0.320359
238,0.319935
239,0.320034
240,0.319545
241,0.319068
242,0.319589
243,0.318375
244,0.318350
245,0.317725
246,0.316643
247,0.315812
248,0.315556
249,0.316142
250,0.316788
251,0.316684
252,0.317174
253,0.317696
254,0.317622
255,0.317337
256,0.317401
257,0.317308
258,0.317381
259,0.316202
260,0.316589
261,0.317424
262,0.317564
263,0.317968
264,0.318000
265,0.318192
266,0.318581
267,0.319307
268,0.319262
269,0.320067
270,0.319751
271,0.319185
272,0.318381
273,0.318089
274,0.317707
275,0.319536
276,0.319562
277,0.319541
278,0.318643
279,0.319355
280,0.318297
281,0.319091
282,0.319667
283,0.320129
284,0.319552
285,0.318989
286,0.320308
287,0.319215
288,0.319411
289,0.319519
290,0.318651
291,0.319176
292,0.319719
293,0.320382
294,0.320144
295,0.320007
296,0.319376
297,0.319367
298,0.319494
299,0.319455
300,0.319890
301,0.319333
302,0.320150
303,0.319771
304,0.320058
305,0.320395
306,0.320701
307,0.320989
308,0.320556
309,0.320926
310,0.321445
311,0.322764
312,0.322970
313,0.322403
314,0.322133
315,0.322269
316,0.322459
317,0.322564
318,0.322783
319,0.322796
320,0.322242
321,0.321607
322,0.321740
323,0.322038
324,0.321757
325,0.322045
326,0.322764
327,0.323132
328,0.323547
329,0.323445
330,0.323699
331,0.323801
332,0.323715
333,0.323849
334,0.323481
335,0.324187
336,0.323385
337,0.323869
338,0.323915
339,0.323553
340,0.324367
341,0.324065
342,0.323644
343,0.322739
344,0.323091
345,0.323333
346,0.323532
347,0.323252
348,0.323572
349,0.323650
350,0.323706
351,0.323700
352,0.323194
353,0.323483
354,0.322980
355,0.324371
356,0.323768
357,0.323697
358,0.323702
359,0.323476
360,0.323310
361,0.323006
362,0.323141
363,0.323016
364,0.322526
365,0.322825
366,0.322835
367,0.322941
368,0.323731
369,0.324006
370,0.324542
371,0.325911
372,0.325045
373,0.324239
374,0.325111
375,0.324862
376,0.325180
377,0.325075
378,0.324395
379,0.324115
380,0.324212
381,0.323875
382,0.324187
383,0.323545
384,0.323428
385,0.323641
386,0.323673
387,0.323655
388,0.323365
389,0.323831
390,0.324025
391,0.324409
392,0.324513
393,0.324522
394,0.324155
395,0.324523
396,0.323750
397,0.324706
398,0.324691
399,0.324314
400,0.324383
401,0.324086
402,0.324108
403,0.324089
404,0.324372
405,0.324326
406,0.323710
407,0.323098
408,0.323475
409,0.323799
410,0.324071
411,0.324288
412,0.323332
413,0.323063
414,0.323364
415,0.322522
416,0.322387
417,0.321604
418,0.321206
419,0.321580
420,0.321782
421,0.321287
422,0.321324
423,0.320963
424,0.321002
425,0.320928
426,0.320776
427,0.321366
428,0.321726
429,0.321746
430,0.321416
431,0.320594
432,0.320860
433,0.321918
434,0.321871
435,0.321279
436,0.321446
437,0.321220
438,0.321335
439,0.321453
440,0.321849
441,0.321996
442,0.321684
443,0.321388
444,0.321887
445,0.321397
446,0.321914
447,0.321724
448,0.321871
449,0.322046
450,0.322129
451,0.321853
452,0.320664
453,0.320698
454,0.320164
455,0.320539
456,0.320269
457,0.320348
458,0.320300
459,0.320310
460,0.320357
461,0.320282
462,0.320160
463,0.320193
464,0.319398
465,0.319317
466,0.319302
467,0.320271
468,0.321021
469,0.321003
470,0.320887
471,0.319476
472,0.320021
473,0.320157
474,0.319951
475,0.319692
476,0.319784
477,0.319934
478,0.320712
479,0.321012
480,0.319961
481,0.320632
482,0.320679
483,0.320477
484,0.320426
485,0.320120
486,0.320455
487,0.320791
488,0.321096
489,0.321520
490,0.320998
491,0.321099
492,0.320557
493,0.320446
494,0.320183
495,0.320482
496,0.320644
497,0.320584
498,0.320221
499,0.320728
